[mounting]
delta_theta = [ -1.13706408731142558e-07, -1.40796508016534738, 1.37229081048936163, 0.0356753069995233915, -9.45134763198598375e-08, 9.36111196770533782e-08]
delta_a = [ 4.12390669235383487e-05, 0.513408942603105878, 0.000452365067494908679, 3.00467815175288228e-05, 2.27112462820735109e-05, 0]
delta_d = [ 9.48000671991411359e-05, 429.375529469957485, -433.059756818518736, 3.68428639995248508, -8.96412162976201188e-05, -0.000988455666820708956]
delta_alpha = [ -0.000615083451887210586, -0.00140756991743494595, 0.00553173504364568025, -0.000393338392034037199, 0.000661716971626091777, 0]
joint_checksum = [ 0xb4276125, 0xb4630715, 0xb356097c, 0xb4290543, 0xb4482599, 0xb4248f2a]
calibration_status = 2 # 0 == notInitialized / 1 == notLinearised / 2 == Linearised
joint_raw_offset = [ 4.21382951736450195, 4.2340855598449707, 1.05859541893005371, 3.67943239212036133, 3.65015578269958496, 3.67222309112548828]
joint_selftest_data_crc = [ 0x73a08974, 0x73db8974, 0x73ce896e, 0x73bd8971, 0x73de8972, 0x73b98976]
file_save_count = 2
