kinematics:
  shoulder:
    x: 0.0
    y: 0.0
    z: 0.18079480006719914
    roll: 0.0
    pitch: -0.0
    yaw: -1.1370640873114254e-07
  upper_arm:
    x: 4.123906692353835e-05
    y: 0.0
    z: 0.0
    roll: 0.0006069474565457874
    pitch: -9.971177963996308e-05
    yaw: -2.978763120267764
  forearm:
    x: -305047.18848053034
    y: 0.0
    z: 0.0
    roll: 1.5693632957551986
    pitch: -0.18878650689514243
    yaw: 1.5710669428007622
  wrist_1:
    x: -1.2410959544307267
    y: -0.15498637320732478
    z: 74.18238227007437
    roll: 0.005528215292981645
    pitch: -0.0001973034822570919
    yaw: 1.2191788759532844
  wrist_2:
    x: -0.5715199532184825
    y: 4.710634573872376e-05
    z: 0.1197603495193351
    roll: -0.00039333839203403546
    pitch: -3.717577784259167e-11
    yaw: -9.451346900852938e-08
  wrist_3:
    x: 2.271124628207351e-05
    y: -0.11556151903275103
    z: -7.646902957200434e-05
    roll: 1.5714580437665226
    pitch: -9.361109918233404e-08
    yaw: -6.194406210265393e-11
  hash: calib_custom_quaternion_extractor_v1
