kinematics:
  shoulder:
    x: 0
    y: 0
    z: 0.18079480006719914
    roll: -0
    pitch: 0
    yaw: -1.1370640873114254e-07
  upper_arm:
    x: 4.1239066923538349e-05
    y: 0
    z: 0
    roll: 1.5701812435481128
    pitch: 0
    yaw: -9.6259524795527796e-07
  forearm:
    x: -0.61247827788649178
    y: 0
    z: 0
    roll: 3.1413644672191383
    pitch: 3.1402037028756933
    yaw: 3.1415865805290992
  wrist_1:
    x: -0.57149552264305992
    y: -0.0009651003365826786
    z: 0.17457536843081958
    roll: 0.0055282169168631816
    pitch: -0.00019725797725819274
    yaw: 8.7766931507420552e-06
  wrist_2:
    x: 3.0046781517528823e-05
    y: -0.11976034951934478
    z: 4.7106321175465474e-05
    roll: 1.570402988607966
    pitch: 0
    yaw: -9.4513476319859824e-08
  wrist_3:
    x: 2.2711246282073511e-05
    y: 0.11556151903276671
    z: 7.6469005869947651e-05
    roll: 1.5714580435614192
    pitch: 3.1415926535897931
    yaw: -3.1415925599786734
  hash: calib_15052941231412593896